# k-MVDRP Instance: Large (30 customers, 6 launch locations, 4 drones)
TRUCK 5.0 10.0 0.0 0.0
DRONES 4 12.0 6.0 150.0 1.5 0.5

LAUNCH_LOCATIONS 6
0 5.0 10.0
1 20.0 25.0
2 35.0 15.0
3 45.0 40.0
4 60.0 20.0
5 70.0 55.0

CUSTOMERS 30
1 10.0 20.0 1.5
2 15.0 25.0 2.0
3 18.0 30.0 1.0
4 8.0 12.0 2.5
5 22.0 18.0 1.2
6 30.0 20.0 3.0
7 38.0 12.0 1.8
8 28.0 35.0 2.2
9 42.0 28.0 0.8
10 50.0 38.0 2.1
11 12.0 5.0 1.0
12 25.0 45.0 3.5
13 33.0 8.0 1.4
14 47.0 18.0 2.0
15 40.0 48.0 1.7
16 55.0 15.0 2.4
17 62.0 28.0 1.1
18 58.0 42.0 3.2
19 65.0 10.0 1.9
20 72.0 30.0 2.8
21 68.0 48.0 0.9
22 75.0 60.0 2.3
23 52.0 62.0 1.6
24 38.0 58.0 2.7
25 18.0 52.0 3.1
26 7.0 35.0 1.3
27 15.0 8.0 2.0
28 60.0 5.0 1.5
29 78.0 42.0 2.2
30 65.0 65.0 1.8
